T_1 =( 2.9553028709684366 +/- 0.038995988514038155) s, U_0 = (1.39214330558959 +/- 0.015205596674037739) V
T_2 =( 1.833618690981999 +/- 0.08424838104084299) s, U_0 = (1.152185520703885 +/- 0.029582377196079566) V, U_1 = (0.06573138355070604 +/- 0.032272092614492764) V
 Konstante =( 1.659019045203458e-06 +/- 2.907000717591483e-08) s, U_0 = (1.4617286513988124 +/- 0.008750948335882781) V, U_1 = (0.045297183590034776 +/- 0.007020676018945911) V 
d_f = 15.350877192980418 kHz
gamma = 267522190.0 s^-1 T^-1
durchmesser = 0.0044 m
gradient = 0.08194087141234627 1/m?
Diffusionskoeff. = (1.882+/-0.033)e-09
